73.043030 25.780279 
5.920197 24.411725 
81.880902 37.061113 
85.628293 71.498468 
28.725689 91.624695 
0.827615 44.062248 
3.133395 92.271108 
96.210376 80.078102 
43.690284 81.474944 
21.523122 95.701467 
21.607398 39.520245 
29.894404 47.305067 
37.742147 65.768450 
25.687273 77.065383 
79.290235 81.416933 
84.731121 49.645702 
48.895141 25.015798 
75.353994 21.995442 
48.551250 73.045825 
67.327714 0.883001 
73.430629 7.020534 
27.654696 33.502139 
46.642346 65.860583 
67.066677 45.339518 
4.937197 67.698793 
19.172008 86.463628 
27.499515 58.809300 
5.379567 72.493101 
85.221699 49.014444 
63.043745 9.724963 
76.236047 22.708232 
91.716357 75.251059 
4.982255 72.545294 
2.957774 82.363610 
56.718003 88.879432 
42.850936 99.148403 
17.133850 52.196062 
93.178332 3.886846 
87.612590 18.067928 
47.163439 54.735799 
50.677154 54.573680 
98.744506 23.126647 
47.300049 90.654066 
80.540000 90.422835 
38.001153 60.540578 
34.981420 35.597727 
33.039727 84.176655 
5.530561 48.042221