3.990814273912179E-4
4.0327632683838084E-4
3.969093478450174E-4
4.0770946423945E-4
4.027717138737462E-4
4.003104482192731E-4
3.953251111259307E-4
3.9370012359285684E-4
3.965425752195388E-4
3.9436629800272216E-4
4.1034774116078144E-4
4.1289929847612266E-4
4.164830553682223E-4
4.2185034174874533E-4
4.196406924155438E-4
4.117448970456624E-4
4.129472345715657E-4
4.058340743893634E-4
3.961208691120852E-4
3.949622259960961E-4
3.989135264435115E-4
4.05124133475611E-4
3.9846785747168876E-4
3.946930164171742E-4
3.9253295139917143E-4
3.9060920926571E-4
4.001549126137489E-4
3.972365998636301E-4
4.003693292690168E-4
3.9388906941763383E-4
3.8555200959862495E-4
3.7848238020284065E-4
3.848288817180743E-4
3.932338005219575E-4
3.9450520319766314E-4
3.9227097173062973E-4
3.9340316842084185E-4
3.872291403848866E-4
3.9680653817176495E-4
3.8519339908574095E-4
3.9548835389937166E-4
3.9036498684968116E-4
3.976759943717118E-4
4.039964753107694E-4
3.911512981539922E-4
3.886296528277544E-4
3.9109998105309196E-4
3.894044190934139E-4
3.962124746250647E-4
4.004616306136132E-4
3.9801158259292614E-4
3.895817505356103E-4
3.890647249530188E-4
3.881730937164485E-4
3.912606988000337E-4
3.921691419373676E-4
3.883322053637988E-4
3.8975613758490685E-4
4.0034493953199687E-4
4.0106163412537794E-4
3.988871571744589E-4
3.98335780183574E-4
4.003465810320006E-4
3.9854643604115815E-4
4.019811675047276E-4
4.0303943267946875E-4
3.969263536759346E-4
3.919381462559594E-4
3.858967731842744E-4
3.8482304605818056E-4
3.822103702850442E-4
3.7926269588403367E-4
3.82866912719785E-4
3.877267948940758E-4
3.983846335290279E-4
3.9553124157259295E-4
3.964606853069678E-4
3.9778078297604953E-4
4.0196487741803573E-4
3.99392488706012E-4
3.9489063732868403E-4
3.9214529182400793E-4
3.8359834599850564E-4
3.809971649647733E-4
3.8073898743197206E-4
3.8165604092793576E-4
3.768506883145118E-4
3.737428924890851E-4
3.7870659387412845E-4
3.8910855911885846E-4
3.8632895154850657E-4
3.897073375390163E-4
3.9636788703859075E-4
3.97850936123928E-4
3.927057783238239E-4
3.92067281027308E-4
3.9303841107810684E-4
3.9599980150783657E-4
3.932218212813605E-4
3.909040126545262E-4
4.010608747208003E-4
3.996457238984524E-4
3.993054224362661E-4
4.010872560001736E-4
3.912063175983736E-4
3.8983184125794995E-4
3.8319325421740704E-4
3.782276313963823E-4
3.91185115004204E-4
4.054045276365513E-4
4.1351373884752484E-4
4.1841061603924514E-4
4.112671104346176E-4
4.115317932882642E-4
4.090729493085216E-4
4.086322809071094E-4
4.101231061112881E-4
4.0456473746699676E-4
3.910753195737746E-4
3.8048959445665667E-4
3.8439244424923966E-4
3.8275273718937447E-4
3.8050986316775E-4
3.9081564338549205E-4
3.956455265280121E-4
3.9710258426606753E-4
4.0172022167867585E-4
4.008175017460067E-4
4.0693040878858085E-4
4.090604167468997E-4
4.109657417521596E-4
4.118636396687982E-4
4.104189259596435E-4
4.152924187498923E-4
4.0661863228530856E-4
3.918877525315314E-4
4.0267203546713E-4
3.9485710243064717E-4
3.9016100799887053E-4
3.9189277018685534E-4
3.957876850954164E-4
4.192745140116258E-4
4.3278558193284337E-4
4.218668711663951E-4
4.105182882780214E-4
4.211466167281737E-4
4.1025445612102374E-4
4.0756171632885503E-4
4.031900803394052E-4
4.020942460494278E-4
4.0302868675336814E-4
4.042703181276708E-4
3.976537409096385E-4
3.9662496618414337E-4
3.9498213182923226E-4
4.066961485533379E-4
4.0407621595028403E-4
3.992064817608061E-4
4.223879901748875E-4
4.2994904079785056E-4
4.1949153624304603E-4
4.174162441134812E-4
4.130612678181571E-4
4.105562604922909E-4
4.173896070451505E-4
4.130174330797815E-4
4.154059404913451E-4
3.952306961665933E-4
3.838200662767734E-4
3.8404350641091335E-4
3.8847508961903674E-4
3.871153017817283E-4
3.836043025264075E-4
3.847764885237123E-4
3.8989721716902386E-4
3.943842685840383E-4
3.854011056270387E-4
3.887616442322074E-4
3.9959201065591413E-4
4.100759082681646E-4
3.9807079181371365E-4
4.0272653940391314E-4
3.9589386803137705E-4
4.058625802861922E-4
3.9227710849063484E-4
3.885254886391386E-4
3.816756523339618E-4
3.84969725685925E-4
3.9052295342907324E-4
3.9096550692092826E-4
3.910385709918521E-4
3.891237193760137E-4
3.9335763906986527E-4
4.000220180000231E-4
4.0441604516993523E-4
4.009813165335519E-4
4.065940096718765E-4
4.0541940382928985E-4
4.080365103145906E-4
4.1168041242807996E-4
4.2595274224915846E-4
4.229673146107206E-4
4.1567321568752446E-4
4.1538249974760696E-4
4.0907803706021753E-4
4.055562463879205E-4
4.099260866889257E-4
4.2109929764947156E-4
4.24122787248107E-4
4.2048444193521964E-4
4.12991235859282E-4
4.077411999863786E-4
4.132099000076408E-4
4.0198996412979727E-4
4.044022016807585E-4
4.175182475069035E-4
4.189355981534054E-4
4.056537491235661E-4
3.9880786606506563E-4
4.010763040236708E-4
4.013559546659696E-4
4.0417266141186577E-4
4.061453676849373E-4
4.0513827594904707E-4
3.9765057875187297E-4
3.89925815120498E-4
4.0565520907759545E-4
4.045329395586587E-4
3.9409559619965563E-4
3.9726384781683835E-4
4.0096362537089743E-4
3.9393114520501244E-4
3.889838142789362E-4
3.883211823826645E-4
3.8924309719053215E-4
3.859249918091745E-4
3.895487778834451E-4
3.90003089103275E-4
3.8776753596075366E-4
3.8589084904794806E-4
3.9334855896570826E-4
3.914268569664402E-4
3.8631486725649786E-4
3.8308828549010775E-4
3.8035909357269634E-4
3.8323986601955225E-4
3.9325691055234005E-4
3.9690711294426646E-4
3.9388019347995915E-4
3.947009221966979E-4
3.8664330046623245E-4
3.8594482472193575E-4
3.864957243684511E-4
3.836323630243144E-4
3.806603061175165E-4
3.8916490927246055E-4
3.8622700600628174E-4
3.8208791044973175E-4
3.836253461861744E-4
3.883423825184875E-4
3.880309368488753E-4
3.895939348385899E-4
3.860770423367235E-4
3.8130232893797953E-4
4.00191848330915E-4
4.152794217376082E-4
4.201022169955586E-4
4.195714235510455E-4
4.2766453147962026E-4
4.149463564798249E-4
4.0670799297053524E-4
4.031085990534566E-4
3.9893940833509475E-4
3.976359056053997E-4
3.9205751297202224E-4
3.8899862558024607E-4
3.7984078411563494E-4
3.82823845305729E-4
3.8326027192144376E-4
3.822557981028605E-4
3.9440188155209153E-4
3.9680559818234363E-4
3.9988188327724403E-4
3.9491368534938314E-4
4.0751063750576783E-4
4.138592998915539E-4
4.121340257978985E-4
4.0062352021703835E-4
3.9355150611163303E-4
4.068567797504394E-4
3.924291642578317E-4
3.813395210888655E-4
3.852056803566249E-4
3.8796547145737893E-4
3.9223601868162115E-4
3.9656162033051485E-4
3.961508714729856E-4
3.949793691950741E-4
3.8574481955071693E-4
3.895588917332677E-4
3.959775704988258E-4
4.021810519908334E-4
4.1728853340351985E-4
4.0940878538993375E-4
4.075262107940338E-4
4.0810512135903103E-4
4.016962549348305E-4
3.9471581729636195E-4
3.9159491236927946E-4
3.901686550435975E-4
3.856162539075291E-4
3.932874283078784E-4
3.8479203122854727E-4
3.870959283613764E-4
3.8563424622257693E-4
3.836880817319382E-4
3.7430062847490465E-4
3.8142813789022155E-4
3.890918521750974E-4
3.940285369387389E-4
3.9510075747916924E-4
3.968783879904385E-4
3.930238995920188E-4
3.917178996234805E-4
4.033778045513137E-4
3.937633481118951E-4
4.008556474858561E-4
3.87373182731726E-4
3.801526225374131E-4
3.9448670919184413E-4
3.980252567612034E-4
3.955174119013994E-4
3.944969288941226E-4
3.9020593857822113E-4
3.863265423912272E-4
3.9024112395361256E-4
3.8588855336625985E-4
3.968167446016031E-4
3.8908738758308144E-4
3.935556789597432E-4
3.9743556625566147E-4
4.0290240393551656E-4
4.029738597647858E-4
3.993990799821952E-4
3.97511829932482E-4
4.0575429933336753E-4
3.964047707424663E-4
3.98978962448213E-4
3.9753422303536975E-4
3.970968689627895E-4
4.0027065528646554E-4
3.9051345421802966E-4
3.9656203950018187E-4
3.9234665249958335E-4
3.8719828342274643E-4
3.913542441610567E-4
3.851385093916507E-4
3.809185003381111E-4
3.7520140212018034E-4
3.778479289143303E-4
3.946345416912287E-4
3.847211493126856E-4
3.834782639164512E-4
3.853502472557288E-4
3.925280529066921E-4
3.8951416580482585E-4
3.908040973707E-4
3.9185550261689595E-4
3.952751959088045E-4
3.964564331792198E-4
4.0185278384243813E-4
3.9993954300882327E-4
3.902654786300498E-4
3.9997414233079156E-4
4.014447416598901E-4
3.985568481549525E-4
3.976393644217992E-4
3.987296914912495E-4
4.033346058403404E-4
4.056691063987965E-4
3.9513291633146136E-4
4.034917999751018E-4
4.0830404460452956E-4
4.049826601881911E-4
4.0280136660054224E-4
3.9885783018351077E-4
3.9621336121492995E-4
4.0433087232780466E-4
3.9257154613761287E-4
3.8995625774751545E-4
3.960667972921617E-4
3.9355021628117873E-4
3.9044695896713625E-4
3.921973789626643E-4
4.1236539009857165E-4
4.1547020623441836E-4
4.231442320003835E-4
4.1356975919711514E-4
4.09959292309473E-4
4.091274350956657E-4
4.1141661073530896E-4
4.1350935419650167E-4
4.123313959980565E-4
4.133432188678328E-4
4.026673134406403E-4
4.0408361281606993E-4
4.1173508164804026E-4
4.153636622163706E-4
4.1188140219134496E-4
4.055068307219228E-4
4.0709521896745886E-4
4.102870475698618E-4
4.069291753195094E-4
3.9487262636552585E-4
3.9045326355136066E-4
3.8618684854179424E-4
3.8678958587423336E-4
3.842159856590543E-4
3.8531688174116345E-4
3.834021151742029E-4
3.8302576338974785E-4
3.8138765179354054E-4
3.9206288103458935E-4
3.9909637539355466E-4
4.096530614115369E-4
3.99211635047273E-4
3.888887740853329E-4
3.825268388003758E-4
3.8603875981554523E-4
3.860574108343073E-4
3.868432885313409E-4
3.867681178279558E-4
3.883097366766566E-4
3.9257634463792383E-4
3.897397610262148E-4
3.850795165853101E-4
3.8155543099958796E-4
3.9192024853412506E-4
3.871723347171825E-4
3.835908419790246E-4
3.9855031132563195E-4
4.079226556638833E-4
3.930348900557186E-4
4.057316046727438E-4
4.3029900533147125E-4
4.1904123745033743E-4
4.2229727659772793E-4
4.285190669435377E-4
4.360152817856699E-4
4.2514023972854866E-4
4.091653478134499E-4
4.0102476737059853E-4
4.111146787776211E-4
4.062830191635244E-4
4.0905177739900304E-4
3.942694930030625E-4
4.0147561717306926E-4
3.897632008129615E-4
3.797481313862465E-4
3.7585621748480305E-4
3.8528923757845407E-4
3.903134531424323E-4
3.887549892777436E-4
3.965573239479448E-4
4.0442307539226405E-4
4.0674090889367213E-4
3.948928392842324E-4
3.905076797869658E-4
3.8755564381449064E-4
3.86905922951497E-4
3.8087743481614994E-4
3.7658937340514115E-4
3.737863625175646E-4
3.7162181550016695E-4
3.704194113666984E-4
3.710482035903384E-4
3.7864889226969594E-4
3.8680718976185345E-4
3.8330668312173765E-4
3.9270430629627297E-4
3.8807994667188617E-4
3.95115578935924E-4
3.962143095483668E-4
3.9586191376867386E-4
3.9668082435338823E-4
3.8122420195700564E-4
3.717201981079475E-4
3.76356049537607E-4
3.914491647858362E-4
3.8830385240887834E-4
4.023268438239287E-4
3.8798745494706544E-4
4.063185736205134E-4
4.0339592241367487E-4
4.1066631109572347E-4
4.139682660050087E-4
4.095520460944222E-4
3.969309755369092E-4
4.001511403578296E-4
3.9441815688591507E-4
3.9974810976985034E-4
4.01117841365066E-4
4.011967071283096E-4
4.0689561217409055E-4
4.038203829649441E-4
4.051029464707905E-4
4.048189390761121E-4
3.978112754621903E-4
4.00017366130091E-4
3.8917894756807897E-4
3.83459480891346E-4
3.849571389351334E-4
3.8466960975757074E-4
3.932300891600668E-4
3.9469244260108993E-4
3.9561406865115916E-4
3.975936289006027E-4
3.9735503829880554E-4
3.9347869798327437E-4
3.9204878873524995E-4
4.0944688086906497E-4
4.0325626598367996E-4
4.172789230588138E-4
4.162495035125277E-4
4.135409247830619E-4
4.0798161683554843E-4
4.0657403826186805E-4
4.0858117385311434E-4
4.064308938382007E-4
4.027897172369787E-4
4.1428729885966445E-4
3.9920468075346007E-4
3.952563330544558E-4
4.007323436963617E-4
3.951657694788055E-4
4.010771742411724E-4
3.8925001341157833E-4
3.9160058468760815E-4
3.9633320996617245E-4
3.971395937845248E-4
4.003384056099299E-4
4.0237288815083073E-4
3.9763503502885284E-4
3.9941115508157157E-4
4.029304910672744E-4
3.9665906160333886E-4
3.9170440479970666E-4
3.9572543752121233E-4
4.076322204188058E-4
3.931611108849032E-4
3.840218765428874E-4
3.861696460777481E-4
3.966444511117855E-4
3.9146055086610473E-4
3.899669886265219E-4
3.950898826664491E-4
3.7993147607347927E-4
3.8391684733415357E-4
3.89938448689598E-4
3.972229385605669E-4
4.010093838909992E-4
3.897388121519786E-4
4.015133223765893E-4
4.0125604481888375E-4
4.1405077521624906E-4
4.169291921189241E-4
4.050874153557806E-4
4.0573055741026864E-4
3.976657531008902E-4
4.0201977316814543E-4
4.0161659746695144E-4
4.0392161691947455E-4
4.0168693207526994E-4
3.8974118767864783E-4
3.879962654657121E-4
3.9061385765867015E-4
3.8970972173759283E-4
3.923080357305629E-4
4.286469791048092E-4
4.1003879557783223E-4
4.0526626283596094E-4
4.378972220796613E-4
4.4041941129456964E-4
4.3833646030218184E-4
4.1512559580220544E-4
4.024413452668929E-4
4.121633487397653E-4
4.043833003663941E-4
4.2880154747769776E-4
4.2370915555317817E-4
4.1241664013578984E-4
4.098900684983641E-4
3.9637085940189064E-4
3.840501368122294E-4
3.8619787824389174E-4
3.853799724647223E-4
3.9797820896447035E-4
3.9325488063082835E-4
3.923177943522841E-4
3.929305540064627E-4
4.0506357834048617E-4
4.0699745572590285E-4
4.114875382520387E-4
4.1024120391054084E-4
4.0116469475515333E-4
4.022250455040062E-4
4.051192396610899E-4
3.8921340385169E-4
3.89099059781549E-4
3.790137236499585E-4
3.691312377860853E-4
3.784922919239245E-4
3.9580119795256475E-4
3.987710251076044E-4
4.021949277117173E-4
4.0085839702036686E-4
4.057238733593062E-4
3.960228396589273E-4
3.906079658355945E-4
4.0374681291577085E-4
4.040234118709922E-4
3.982017338673227E-4
3.9671379179488637E-4
3.95161746173542E-4
3.9528651873731955E-4
3.949404940678557E-4
3.975659148702994E-4
3.9963985877757143E-4
3.9881640312510954E-4
4.0279815761704333E-4
4.130022223334836E-4
4.1844621718094684E-4
4.219780145354155E-4
4.2287990436349796E-4
4.273338880991213E-4
4.148275431317837E-4
4.1489964257256795E-4
4.023166079575078E-4
3.991389516062286E-4
3.9545052927777546E-4
3.945317385143254E-4
3.888584057378457E-4
3.975348397218303E-4
3.9643131562608623E-4
3.9748871679951567E-4
4.0120514726130863E-4
4.0141064332920766E-4
4.152124822628399E-4
4.2263906201666187E-4
4.136420503751526E-4
4.146276612872601E-4
4.106198821193931E-4
4.200202501261336E-4
4.1873887698314793E-4
4.146732248904949E-4
4.131691255741334E-4
4.14454181609438E-4
4.1481768090995114E-4
4.171820726375188E-4
4.1182050860491705E-4
4.1281218142600094E-4
4.1240158167890276E-4
4.1012420326249185E-4
4.092992872375685E-4
4.085459038914145E-4
4.085473638128462E-4
3.9961617220398164E-4
4.0689951464861394E-4
3.995934521374369E-4
3.8855754870247407E-4
3.96359862785147E-4
3.9156288364137375E-4
4.037560118185847E-4
4.078744866443997E-4
4.160028575699123E-4
4.0820610041633956E-4
4.0715564786218407E-4
4.0204886127354127E-4
3.9551404402856147E-4
3.9212271054804234E-4
4.008268316493357E-4
4.0924192124106506E-4
4.1580881921595385E-4
4.172236406787345E-4
4.2008765423295213E-4
4.159902524283918E-4
4.185900012131771E-4
4.2040951599037023E-4
4.1785115911588703E-4
4.052905635573949E-4
4.041092466695169E-4
4.0646479258688576E-4
4.0519751048385174E-4
4.102591358389819E-4
4.04121802030836E-4
4.045032694334069E-4
4.025937219113229E-4
4.0799120049547896E-4
4.074839188542546E-4
4.172495829580674E-4
4.17933421563359E-4
4.226963656547549E-4
4.2669557202341685E-4
4.2039469106289364E-4
4.22802432977693E-4
4.184566736887304E-4
4.1392819355933527E-4
4.1312611564801296E-4
4.1088592446736913E-4
4.0795189769670493E-4
4.0573422544015525E-4
4.1104682939458934E-4
4.191933368011214E-4
4.2015801798052816E-4
4.26462489661933E-4
4.1012782558991716E-4
4.2091517790960453E-4
4.112805844592882E-4
4.223176190807615E-4
4.195740504476726E-4
4.091932810710839E-4
4.000595264381233E-4
3.9261266888246366E-4
3.859321128098258E-4
3.979255918997155E-4
4.039888446213271E-4
4.108918412261728E-4
4.085235592760488E-4
4.1231730558387975E-4
4.1788969005078584E-4
4.1515406077432545E-4
4.1435734546221565E-4
4.125515900093802E-4
4.10688184193685E-4
4.075804705067044E-4
4.034766758219592E-4
4.006989556167448E-4
3.9690879557097955E-4
4.015589130885175E-4
4.013484325788638E-4
3.9817572609447915E-4
4.042077007571387E-4
4.0206429173526354E-4
3.9774675835054787E-4
3.9713246953526003E-4
4.0378339109588724E-4
3.952465182515972E-4
3.945186193365567E-4
3.95811597611325E-4
4.0339616756419444E-4
4.0086130646410043E-4
4.0122676522560887E-4
3.915451173093729E-4
4.0252234044248816E-4
4.0857409264639753E-4
4.0867595000587816E-4
3.985322459132743E-4
3.977131411435646E-4
4.009217989388884E-4
4.1243968651540015E-4
4.116347642205883E-4
4.119390149001416E-4
4.0321534513286945E-4
4.056620628607244E-4
4.1660225419620046E-4
4.210573678601297E-4
4.187606790813472E-4
4.122198971637176E-4
4.081816275532571E-4
3.9605572543444453E-4
3.847860865279953E-4
3.833777079005261E-4
3.879717394987258E-4
3.901839918504104E-4
3.91038377237023E-4
4.0008557356875423E-4
4.08812738681284E-4
4.136799028107795E-4
3.9980471901503194E-4
3.962865691509691E-4
4.013880946565933E-4
4.0736850735638273E-4
4.038737129680345E-4
3.997991144163556E-4
4.0105277240663946E-4
4.0985899965749164E-4
4.117423148639452E-4
4.108139027016618E-4
4.1079867917529265E-4
4.148229625347348E-4
4.105775949264237E-4
4.155357283914787E-4
4.110649715902818E-4
4.0731269286116434E-4
4.0409357236849994E-4
4.008329448742248E-4
4.0003234583758777E-4
4.0098421106889414E-4
3.9500332960096864E-4
4.03657429260721E-4
4.0817836379609094E-4
4.0849763283085864E-4
4.1623338628781983E-4
4.213192139589946E-4
4.261046701249633E-4
4.2610770947073173E-4
4.091601925322755E-4
4.0805139496140553E-4
4.088266673102872E-4
4.079188463305388E-4
3.957302394415126E-4
3.9336013038259886E-4
3.9178049605818785E-4
3.925479315107585E-4
3.929838535275482E-4
4.068647502091086E-4
3.98129793544663E-4
3.961989506367219E-4
3.910097794204212E-4
3.938829842356479E-4
3.929984961914717E-4
4.0420205385045295E-4
4.0506259660748003E-4
4.139515966584496E-4
3.999750927328123E-4
3.908690030027245E-4
3.8290579733554395E-4
3.982796134972849E-4
4.0166594736884434E-4
4.0653409787476673E-4
4.0568607577440096E-4
4.008627667938012E-4
3.984098228276453E-4
3.858818359469311E-4
3.8784055978232675E-4
3.871729627300586E-4
3.889886185013022E-4
3.929598134981963E-4
3.95308945197609E-4
3.9421837957556054E-4
3.94574921188022E-4
3.970784737918673E-4
3.9141696973964975E-4
3.920281364954329E-4
3.9030145841422776E-4
3.8726905003706844E-4
3.875760382696919E-4
3.90434204755769E-4
3.902357457972664E-4
3.9242612292764997E-4
3.8665540082375626E-4
3.882871970689244E-4
3.8610243102265895E-4
3.8656641936620926E-4
3.847145852203018E-4
3.8702957815130965E-4
3.833947288248985E-4
3.83777076279081E-4
3.8294293151786154E-4
3.862520888568962E-4
3.868927941774319E-4
3.9106518810755504E-4
3.968750532145299E-4
3.956447340528072E-4
3.952830005531008E-4
3.971394323814074E-4
3.8731308520621196E-4
3.8837616335302133E-4
3.923963819738797E-4
4.001825508351248E-4
4.050462836287337E-4
4.0720644513839025E-4
4.0747158295548425E-4
4.092379412732411E-4
4.0758101101858775E-4
4.0511419431412044E-4
4.077782054478568E-4
3.982196054242319E-4
4.052618704399289E-4
4.059287073891767E-4
4.10007431665571E-4
4.036309818321953E-4
3.96148329015342E-4
3.9425748931386944E-4
3.9294372053930664E-4
3.8749575926972756E-4
3.8571075836082E-4
3.8472796235671457E-4
3.810357153133093E-4
3.8455423049472124E-4
3.8804864017832197E-4
3.853532631230087E-4
3.87900642898557E-4
3.80960449676257E-4
3.7684181126245505E-4
3.798140233845496E-4
3.8676367319707023E-4
3.79671661815278E-4
3.859103141089834E-4
3.7513765914299653E-4
3.799854384495748E-4
3.8190461855964114E-4
3.9485809800364675E-4
3.882081996835607E-4
3.8482585033391693E-4
3.9320151930764363E-4
3.9885770895434864E-4
3.9034144538990594E-4
3.9097665254872883E-4
3.789712654208536E-4
3.801814849836214E-4
3.903066716996367E-4
3.8772053973901914E-4
3.8711040217761453E-4
3.8672542489121936E-4
3.876686844159649E-4
3.848259417433008E-4
3.7857543102051277E-4
3.769482579181852E-4
3.835450602297237E-4
3.948741860301205E-4
3.826287170891365E-4
3.860881019582537E-4
3.8786197895190796E-4
3.869587426916386E-4
3.854893455389964E-4
3.7816226976073114E-4
3.8294234113721553E-4
3.8393142910014095E-4
3.852735905918701E-4
3.8375331597080494E-4
3.8921027971411767E-4
3.9652216351623686E-4
4.006834678102664E-4
4.0856427379283306E-4
4.0109077279512336E-4
3.948653904716495E-4
3.9338092941019863E-4
3.8880067089341105E-4
3.871125640912879E-4
3.881313437475636E-4
3.882756176423728E-4
3.905677356311988E-4
3.811189113399348E-4
3.7772120716371893E-4
3.746640850350721E-4
3.73346255179147E-4
3.7508645553825524E-4
3.756821626160272E-4
3.7382861462814806E-4
3.7587534005376544E-4
3.8036904879116493E-4
3.8499326896317387E-4
3.8334108652172E-4
3.853719527056405E-4
3.8745433145331685E-4
3.857701445857368E-4
3.9096069575406974E-4
3.839270008527144E-4
3.850484265334754E-4
3.9225783786038006E-4
3.995758590442194E-4
3.9750408378987767E-4
3.8488930578721876E-4
3.929951281727949E-4
3.9764154291959015E-4
3.94591834008627E-4
3.867599483071809E-4
3.7963339421269156E-4
3.8345619552479336E-4
4.0271489513619974E-4
3.913575670538666E-4
3.8457394874223986E-4
3.883062605900989E-4
3.918643592749133E-4
3.849527798717782E-4
3.839971350757064E-4
3.850909935883761E-4
3.903196393769257E-4
3.8190254948763187E-4
3.8613656976142373E-4
3.828119475386104E-4
3.9638629072398903E-4
3.9860407199578254E-4
4.01875889450472E-4
4.1828393146382787E-4
4.1261463537291097E-4
3.955194373267896E-4
4.0326450715975475E-4
3.907561848340475E-4
3.779955575540148E-4
3.8910930341160417E-4
3.962393708239413E-4
3.992500303505471E-4
3.9911177755008384E-4
3.983712462117853E-4
3.954812973640713E-4
3.97185114985427E-4
3.9625678027557575E-4
3.940953580180501E-4
